CAMK MLCK
Q9H1R3: 0.37583892617449666
Q32MK0: 0.3724053724053724
Q86YV6: 0
Q15746: 0.19644723092998956

CAMK DAPK
Q9UIK4: 0.062162162162162166
P53355: 0
O43293: 0
Q9UEE5: 0.1497584541062802
O94768: 0.15591397849462366

AGK RSK
Q15418: 0
P51812: 0.051351351351351354
Q15349: 0
Q9UK32: 0.032214765100671144
O75582: 0.1059850374064838
O75676: 0.08937823834196891

CAMK PSK
P11801: 0.12971698113207547
Q96QS6: 0.06753246753246753

CAMK CAMK1
Q8IU85: 0.06753246753246753
Q16566: 0.12050739957716702
Q14012: 0
Q96NX5: 0.058823529411764705
Q6P2M8: 0.0728862973760933

CAMK Trio
O60229: 0.09011725293132328
O75962: 0.16176945431062317

CAMK CAMK2
Q9UQM7: 0.058577405857740586
Q13557: 0
Q13554: 0.27927927927927926
Q13555: 0.14157706093189965

CAMK PKD
O94806: 0.0449438202247191
Q15139: 0.02850877192982456
Q9BZL6: 0.12870159453302962

CAMK DCAMKL
O15075: 0.1837837837837838
Q8N568: 0.2402088772845953

CAMK CAMK-Unique
Q8NCB2: 0.34930139720558884
Q9BYT3: 0.24124513618677043

CAMK PHK
Q16816: 0
P15735: 0

CAMK MAPKAPK
Q9HBH9: 0.10752688172043011
Q16644: 0.15706806282722513
P49137: 0.1075
Q9BUB5: 0.17204301075268819
Q8IW41: 0

CAMK RAD53
O96017: 0.18232044198895028

CAMK CAMKL
O60285: 0.3086232980332829
Q13131: 0.09302325581395349
Q9H093: 0.2213375796178344

Other PLK
O00444: 0.19690721649484536

UNIDENTIFIED
Q15772: 0.42669115396388124
Q5VST9: 0.07141064257028112
Q8WZ42: 0.050800582241630275
Q9C098: 0.36419753086419754
Q9NRH2: 0.1607843137254902
Q6PHR2: 0